#  Table f606w.UVIS1.fits[1]  Fri 11:54:28 08-Feb-2013

# row      WAVELENGTH      THROUGHPUT
#           angstroms                

     4669.     0.
     4670.     0.001005785
     4671.     0.001024847
     4672.     0.001056661
     4673.     0.001094133
     4674.     0.001131614
     4675.     0.001169105
     4676.     0.001206605
     4677.     0.001244115
     4678.     0.001281633
     4679.     0.001319161
     4680.     0.001356698
     4681.     0.001394126
     4682.      0.00145615
     4683.     0.001529231
     4684.     0.001602318
     4685.     0.001675411
     4686.     0.001748509
     4687.     0.001821613
     4688.     0.001894723
     4689.     0.001967838
     4690.     0.002040959
     4691.     0.002114086
     4692.     0.002197555
     4693.     0.002285729
     4694.      0.00237391
     4695.     0.002462098
     4696.     0.002550293
     4697.     0.002638495
     4698.     0.002726704
     4699.     0.002814919
     4700.     0.002903141
     4701.     0.002991369
     4702.     0.003068212
     4703.     0.003139808
     4704.     0.003211412
     4705.      0.00328302
     4706.     0.003354634
     4707.     0.003426254
     4708.     0.003497879
     4709.      0.00356951
     4710.     0.003641146
     4711.     0.003712788
     4712.     0.003813446
     4713.     0.003927634
     4714.     0.004041828
     4715.     0.004156031
     4716.     0.004270244
     4717.     0.004384466
     4718.     0.004498696
     4719.     0.004612935
     4720.     0.004727183
     4721.     0.004841441
     4722.     0.005095996
     4723.     0.005416687
     4724.     0.005737404
     4725.     0.006058143
     4726.     0.006378911
     4727.     0.006699701
     4728.     0.007020515
     4729.     0.007341354
     4730.     0.007662219
     4731.     0.007983111
     4732.     0.008686733
     4733.     0.009573214
     4734.      0.01045976
     4735.      0.01134638
     4736.      0.01223307
     4737.      0.01311982
     4738.      0.01400665
     4739.      0.01489354
     4740.       0.0157805
     4741.      0.01666895
     4742.       0.0181454
     4743.      0.01990614
     4744.      0.02166731
     4745.      0.02342891
     4746.      0.02519096
     4747.      0.02695343
     4748.      0.02871634
     4749.       0.0304797
     4750.      0.03224348
     4751.      0.03400481
     4752.      0.03564636
     4753.      0.03722932
     4754.      0.03881242
     4755.      0.04039564
     4756.      0.04197897
     4757.      0.04356243
     4758.      0.04514603
     4759.      0.04672973
     4760.      0.04831356
     4761.      0.04989751
     4762.      0.05109756
     4763.      0.05210762
     4764.      0.05311779
     4765.      0.05412803
     4766.      0.05513835
     4767.      0.05614872
     4768.       0.0571592
     4769.      0.05816973
     4770.      0.05918036
     4771.      0.06019107
     4772.      0.06208421
     4773.      0.06441996
     4774.       0.0667559
     4775.      0.06909204
     4776.      0.07142833
     4777.      0.07376479
     4778.      0.07610148
     4779.      0.07843833
     4780.      0.08077535
     4781.      0.08311257
     4782.      0.08740018
     4783.      0.09267694
     4784.      0.09795412
     4785.       0.1032317
     4786.       0.1085097
     4787.       0.1137881
     4788.       0.1190669
     4789.       0.1243461
     4790.       0.1296257
     4791.       0.1349058
     4792.       0.1415532
     4793.       0.1489019
     4794.       0.1562511
     4795.       0.1636009
     4796.       0.1709513
     4797.       0.1783023
     4798.       0.1856538
     4799.       0.1930059
     4800.       0.2003586
     4801.       0.2077118
     4802.       0.2134923
     4803.       0.2184563
     4804.       0.2234206
     4805.       0.2283854
     4806.       0.2333505
     4807.       0.2383159
     4808.       0.2432818
     4809.       0.2482481
     4810.       0.2532148
     4811.       0.2582037
     4812.       0.2610791
     4813.       0.2628449
     4814.        0.264611
     4815.       0.2663776
     4816.       0.2681446
     4817.        0.269912
     4818.       0.2716799
     4819.       0.2734482
     4820.       0.2752169
     4821.       0.2769626
     4822.       0.2778548
     4823.       0.2782928
     4824.        0.278731
     4825.       0.2791691
     4826.       0.2796072
     4827.       0.2800454
     4828.       0.2804836
     4829.       0.2809218
     4830.       0.2813602
     4831.       0.2817954
     4832.       0.2816963
     4833.       0.2813098
     4834.       0.2809232
     4835.       0.2805368
     4836.       0.2801503
     4837.       0.2797637
     4838.        0.279377
     4839.       0.2789904
     4840.       0.2786039
     4841.       0.2782172
     4842.       0.2778183
     4843.       0.2774125
     4844.       0.2770067
     4845.       0.2766009
     4846.        0.276195
     4847.       0.2757891
     4848.       0.2753833
     4849.       0.2749774
     4850.       0.2745715
     4851.       0.2741655
     4852.       0.2742518
     4853.       0.2746094
     4854.       0.2749668
     4855.       0.2753243
     4856.       0.2756819
     4857.       0.2760394
     4858.        0.276397
     4859.       0.2767545
     4860.       0.2771121
     4861.       0.2774696
     4862.       0.2780062
     4863.       0.2786424
     4864.       0.2792785
     4865.       0.2799147
     4866.        0.280551
     4867.       0.2811872
     4868.       0.2818236
     4869.         0.28246
     4870.       0.2830963
     4871.       0.2837327
     4872.       0.2838432
     4873.       0.2836573
     4874.       0.2834715
     4875.       0.2832855
     4876.       0.2830997
     4877.       0.2829138
     4878.       0.2827279
     4879.       0.2825419
     4880.       0.2823559
     4881.       0.2821701
     4882.       0.2815039
     4883.        0.280564
     4884.       0.2796242
     4885.       0.2786842
     4886.       0.2777443
     4887.       0.2768042
     4888.       0.2758642
     4889.        0.274924
     4890.       0.2739839
     4891.       0.2730668
     4892.       0.2722583
     4893.       0.2715123
     4894.       0.2707662
     4895.       0.2700199
     4896.       0.2692734
     4897.       0.2685268
     4898.         0.26778
     4899.        0.267033
     4900.       0.2662858
     4901.        0.265516
     4902.       0.2651802
     4903.       0.2650974
     4904.       0.2650147
     4905.       0.2649319
     4906.       0.2648492
     4907.       0.2647664
     4908.       0.2646836
     4909.       0.2646008
     4910.        0.264518
     4911.       0.2644351
     4912.       0.2646752
     4913.        0.265106
     4914.       0.2655368
     4915.       0.2659676
     4916.       0.2663984
     4917.       0.2668293
     4918.       0.2672603
     4919.       0.2676911
     4920.       0.2681221
     4921.       0.2685531
     4922.       0.2690817
     4923.       0.2696685
     4924.       0.2702553
     4925.       0.2708422
     4926.       0.2714289
     4927.       0.2720159
     4928.       0.2726029
     4929.       0.2731899
     4930.       0.2737769
     4931.       0.2743641
     4932.       0.2749684
     4933.       0.2755832
     4934.        0.276198
     4935.       0.2768129
     4936.       0.2774279
     4937.       0.2780427
     4938.       0.2786578
     4939.       0.2792726
     4940.       0.2798878
     4941.       0.2805029
     4942.       0.2810163
     4943.       0.2814676
     4944.        0.281919
     4945.       0.2823704
     4946.       0.2828219
     4947.       0.2832734
     4948.       0.2837249
     4949.       0.2841762
     4950.       0.2846278
     4951.       0.2850794
     4952.       0.2852966
     4953.       0.2853693
     4954.        0.285442
     4955.       0.2855147
     4956.       0.2855875
     4957.       0.2856602
     4958.        0.285733
     4959.       0.2858057
     4960.       0.2858784
     4961.        0.285951
     4962.       0.2857433
     4963.       0.2853603
     4964.       0.2849773
     4965.       0.2845944
     4966.       0.2842113
     4967.       0.2838283
     4968.       0.2834454
     4969.       0.2830622
     4970.       0.2826791
     4971.       0.2822961
     4972.       0.2818598
     4973.       0.2813898
     4974.       0.2809199
     4975.         0.28045
     4976.         0.27998
     4977.         0.27951
     4978.         0.27904
     4979.       0.2785699
     4980.       0.2780998
     4981.       0.2776298
     4982.        0.277395
     4983.       0.2773104
     4984.       0.2772259
     4985.       0.2771412
     4986.       0.2770566
     4987.        0.276972
     4988.       0.2768875
     4989.       0.2768029
     4990.       0.2767182
     4991.       0.2766571
     4992.       0.2769038
     4993.        0.277349
     4994.       0.2777943
     4995.       0.2782398
     4996.       0.2786853
     4997.       0.2791309
     4998.       0.2795767
     4999.       0.2800225
     5000.       0.2804685
     5001.       0.2808834
     5002.       0.2813455
     5003.       0.2818381
     5004.       0.2823308
     5005.       0.2828234
     5006.       0.2833162
     5007.       0.2838087
     5008.       0.2843014
     5009.       0.2847941
     5010.       0.2852868
     5011.       0.2857796
     5012.       0.2859957
     5013.       0.2860293
     5014.       0.2860629
     5015.       0.2860966
     5016.       0.2861303
     5017.       0.2861638
     5018.       0.2861975
     5019.        0.286231
     5020.       0.2862647
     5021.       0.2862984
     5022.       0.2859334
     5023.        0.285303
     5024.       0.2846726
     5025.       0.2840421
     5026.       0.2834117
     5027.       0.2827811
     5028.       0.2821506
     5029.       0.2815201
     5030.       0.2808896
     5031.       0.2802527
     5032.       0.2794519
     5033.       0.2785406
     5034.       0.2776293
     5035.        0.276718
     5036.       0.2758068
     5037.       0.2748955
     5038.       0.2739844
     5039.       0.2730731
     5040.       0.2721621
     5041.        0.271251
     5042.       0.2704696
     5043.       0.2697766
     5044.       0.2690835
     5045.       0.2683905
     5046.       0.2676975
     5047.       0.2670045
     5048.       0.2663116
     5049.       0.2656187
     5050.       0.2649257
     5051.       0.2642328
     5052.       0.2638206
     5053.        0.263602
     5054.       0.2633835
     5055.       0.2631649
     5056.       0.2629463
     5057.       0.2627277
     5058.       0.2625091
     5059.       0.2622906
     5060.        0.262072
     5061.       0.2618536
     5062.       0.2618962
     5063.       0.2621209
     5064.       0.2623456
     5065.       0.2625703
     5066.       0.2627949
     5067.       0.2630196
     5068.       0.2632442
     5069.       0.2634688
     5070.       0.2636934
     5071.       0.2639181
     5072.       0.2642624
     5073.       0.2646913
     5074.         0.26512
     5075.       0.2655488
     5076.       0.2659776
     5077.       0.2664063
     5078.       0.2668349
     5079.       0.2672637
     5080.       0.2676924
     5081.       0.2681211
     5082.       0.2685375
     5083.        0.268945
     5084.       0.2693526
     5085.         0.26976
     5086.       0.2701676
     5087.        0.270575
     5088.       0.2709825
     5089.       0.2713899
     5090.       0.2717974
     5091.       0.2722049
     5092.       0.2724951
     5093.       0.2727008
     5094.       0.2729065
     5095.       0.2731122
     5096.       0.2733178
     5097.       0.2735236
     5098.       0.2737292
     5099.       0.2739349
     5100.       0.2741405
     5101.       0.2743462
     5102.       0.2744848
     5103.       0.2745744
     5104.        0.274664
     5105.       0.2747537
     5106.       0.2748433
     5107.        0.274933
     5108.       0.2750226
     5109.       0.2751123
     5110.       0.2752019
     5111.       0.2752914
     5112.       0.2753978
     5113.       0.2755165
     5114.       0.2756353
     5115.        0.275754
     5116.       0.2758727
     5117.       0.2759915
     5118.       0.2761102
     5119.       0.2762288
     5120.       0.2763476
     5121.       0.2764662
     5122.        0.276678
     5123.        0.276959
     5124.       0.2772401
     5125.       0.2775212
     5126.       0.2778023
     5127.       0.2780833
     5128.       0.2783642
     5129.       0.2786453
     5130.       0.2789263
     5131.       0.2792309
     5132.       0.2795596
     5133.        0.279906
     5134.       0.2802526
     5135.       0.2805993
     5136.        0.280946
     5137.       0.2812927
     5138.       0.2816395
     5139.       0.2819863
     5140.       0.2823333
     5141.       0.2826564
     5142.       0.2828537
     5143.        0.282955
     5144.       0.2830564
     5145.       0.2831577
     5146.       0.2832592
     5147.       0.2833605
     5148.       0.2834619
     5149.       0.2835632
     5150.       0.2836647
     5151.        0.283766
     5152.       0.2836168
     5153.       0.2832748
     5154.       0.2829329
     5155.        0.282591
     5156.       0.2822491
     5157.       0.2819071
     5158.       0.2815653
     5159.       0.2812233
     5160.       0.2808815
     5161.       0.2805397
     5162.        0.280011
     5163.        0.279337
     5164.       0.2786631
     5165.       0.2779892
     5166.       0.2773153
     5167.       0.2766414
     5168.       0.2759675
     5169.       0.2752937
     5170.         0.27462
     5171.       0.2739461
     5172.       0.2733063
     5173.       0.2726935
     5174.       0.2720806
     5175.       0.2714678
     5176.        0.270855
     5177.       0.2702421
     5178.       0.2696294
     5179.       0.2690166
     5180.       0.2684039
     5181.       0.2677912
     5182.       0.2673983
     5183.         0.26718
     5184.       0.2669618
     5185.       0.2667435
     5186.       0.2665254
     5187.       0.2663071
     5188.       0.2660891
     5189.       0.2658709
     5190.       0.2656528
     5191.       0.2654346
     5192.       0.2655286
     5193.       0.2658732
     5194.       0.2662178
     5195.       0.2665624
     5196.       0.2669069
     5197.       0.2672514
     5198.       0.2675961
     5199.       0.2679406
     5200.       0.2682851
     5201.       0.2686296
     5202.       0.2691888
     5203.       0.2699223
     5204.       0.2706559
     5205.       0.2713895
     5206.        0.272123
     5207.       0.2728565
     5208.         0.27359
     5209.       0.2743233
     5210.       0.2750569
     5211.       0.2757901
     5212.       0.2765377
     5213.        0.277297
     5214.       0.2780563
     5215.       0.2788155
     5216.       0.2795748
     5217.        0.280334
     5218.       0.2810932
     5219.       0.2818522
     5220.       0.2826113
     5221.       0.2833703
     5222.       0.2839521
     5223.       0.2843865
     5224.       0.2848211
     5225.       0.2852555
     5226.         0.28569
     5227.       0.2861244
     5228.       0.2865589
     5229.       0.2869932
     5230.       0.2874277
     5231.       0.2878637
     5232.       0.2880743
     5233.        0.288096
     5234.       0.2881177
     5235.       0.2881394
     5236.       0.2881612
     5237.       0.2881829
     5238.       0.2882045
     5239.       0.2882263
     5240.        0.288248
     5241.       0.2882696
     5242.       0.2881539
     5243.       0.2879218
     5244.       0.2876898
     5245.       0.2874578
     5246.       0.2872257
     5247.       0.2869937
     5248.       0.2867616
     5249.       0.2865295
     5250.       0.2862976
     5251.       0.2860655
     5252.       0.2858165
     5253.       0.2855529
     5254.       0.2852893
     5255.       0.2850257
     5256.       0.2847621
     5257.       0.2844985
     5258.       0.2842349
     5259.       0.2839713
     5260.       0.2837077
     5261.       0.2834442
     5262.       0.2832248
     5263.       0.2830435
     5264.       0.2828622
     5265.        0.282681
     5266.       0.2824996
     5267.       0.2823184
     5268.       0.2821371
     5269.       0.2819558
     5270.       0.2817745
     5271.       0.2815932
     5272.       0.2814492
     5273.       0.2813378
     5274.       0.2812265
     5275.       0.2811152
     5276.       0.2810038
     5277.       0.2808925
     5278.       0.2807811
     5279.       0.2806698
     5280.       0.2805585
     5281.       0.2804471
     5282.       0.2803389
     5283.       0.2802335
     5284.       0.2801282
     5285.       0.2800228
     5286.       0.2799174
     5287.       0.2798121
     5288.       0.2797067
     5289.       0.2796014
     5290.       0.2794961
     5291.       0.2793907
     5292.       0.2792734
     5293.       0.2791453
     5294.       0.2790173
     5295.       0.2788894
     5296.       0.2787614
     5297.       0.2786334
     5298.       0.2785054
     5299.       0.2783773
     5300.       0.2782494
     5301.       0.2781214
     5302.       0.2780114
     5303.       0.2779177
     5304.       0.2778241
     5305.       0.2777304
     5306.       0.2776367
     5307.       0.2775431
     5308.       0.2774494
     5309.       0.2773558
     5310.       0.2772622
     5311.       0.2771684
     5312.       0.2771245
     5313.        0.277126
     5314.       0.2771276
     5315.        0.277129
     5316.       0.2771306
     5317.       0.2771322
     5318.       0.2771338
     5319.       0.2771353
     5320.       0.2771369
     5321.       0.2771385
     5322.       0.2772245
     5323.       0.2773886
     5324.       0.2775527
     5325.       0.2777167
     5326.       0.2778807
     5327.       0.2780447
     5328.       0.2782088
     5329.       0.2783727
     5330.       0.2785367
     5331.       0.2787007
     5332.       0.2789195
     5333.       0.2791895
     5334.       0.2794595
     5335.       0.2797296
     5336.       0.2799997
     5337.       0.2802697
     5338.       0.2805397
     5339.       0.2808096
     5340.       0.2810798
     5341.       0.2813497
     5342.       0.2816448
     5343.       0.2819635
     5344.       0.2822821
     5345.       0.2826007
     5346.       0.2829194
     5347.       0.2832381
     5348.       0.2835567
     5349.       0.2838753
     5350.       0.2841939
     5351.       0.2845123
     5352.       0.2848079
     5353.       0.2850818
     5354.       0.2853558
     5355.       0.2856297
     5356.       0.2859038
     5357.       0.2861776
     5358.       0.2864516
     5359.       0.2867255
     5360.       0.2869994
     5361.       0.2872731
     5362.       0.2874873
     5363.       0.2876441
     5364.        0.287801
     5365.       0.2879579
     5366.       0.2881146
     5367.       0.2882714
     5368.       0.2884283
     5369.        0.288585
     5370.       0.2887419
     5371.       0.2888986
     5372.       0.2889926
     5373.       0.2890255
     5374.       0.2890586
     5375.       0.2890915
     5376.       0.2891245
     5377.       0.2891575
     5378.       0.2891905
     5379.       0.2892234
     5380.       0.2892564
     5381.       0.2892894
     5382.       0.2892575
     5383.       0.2891617
     5384.       0.2890658
     5385.       0.2889699
     5386.       0.2888741
     5387.       0.2887782
     5388.       0.2886826
     5389.       0.2885866
     5390.       0.2884909
     5391.        0.288395
     5392.       0.2882619
     5393.       0.2880918
     5394.       0.2879217
     5395.       0.2877515
     5396.       0.2875814
     5397.       0.2874114
     5398.       0.2872413
     5399.       0.2870712
     5400.       0.2869011
     5401.       0.2867309
     5402.       0.2865368
     5403.       0.2863187
     5404.       0.2861005
     5405.       0.2858825
     5406.       0.2856643
     5407.       0.2854463
     5408.       0.2852282
     5409.       0.2850101
     5410.        0.284792
     5411.       0.2845738
     5412.       0.2843376
     5413.       0.2840829
     5414.       0.2838283
     5415.       0.2835737
     5416.       0.2833191
     5417.       0.2830645
     5418.       0.2828099
     5419.       0.2825552
     5420.       0.2823007
     5421.       0.2820459
     5422.       0.2817926
     5423.       0.2815404
     5424.       0.2812886
     5425.       0.2810365
     5426.       0.2807845
     5427.       0.2805324
     5428.       0.2802805
     5429.       0.2800284
     5430.       0.2797765
     5431.       0.2795241
     5432.       0.2792944
     5433.        0.279088
     5434.       0.2788815
     5435.       0.2786752
     5436.       0.2784687
     5437.       0.2782623
     5438.       0.2780559
     5439.       0.2778495
     5440.       0.2776432
     5441.       0.2774367
     5442.        0.277266
     5443.       0.2771327
     5444.       0.2769995
     5445.       0.2768662
     5446.        0.276733
     5447.       0.2765999
     5448.       0.2764666
     5449.       0.2763332
     5450.       0.2762001
     5451.       0.2760667
     5452.       0.2759914
     5453.       0.2759777
     5454.       0.2759639
     5455.       0.2759502
     5456.       0.2759365
     5457.       0.2759227
     5458.       0.2759091
     5459.       0.2758952
     5460.       0.2758815
     5461.       0.2758676
     5462.       0.2759193
     5463.       0.2760413
     5464.       0.2761633
     5465.       0.2762852
     5466.       0.2764072
     5467.       0.2765292
     5468.       0.2766512
     5469.       0.2767731
     5470.       0.2768951
     5471.       0.2770169
     5472.       0.2771999
     5473.       0.2774491
     5474.       0.2776983
     5475.       0.2779475
     5476.       0.2781967
     5477.       0.2784458
     5478.        0.278695
     5479.       0.2789441
     5480.       0.2791933
     5481.       0.2794423
     5482.       0.2797237
     5483.       0.2800402
     5484.       0.2803568
     5485.       0.2806734
     5486.       0.2809899
     5487.       0.2813064
     5488.       0.2816231
     5489.       0.2819394
     5490.        0.282256
     5491.       0.2825724
     5492.       0.2828859
     5493.       0.2831968
     5494.       0.2835076
     5495.       0.2838183
     5496.        0.284129
     5497.       0.2844396
     5498.       0.2847503
     5499.       0.2850609
     5500.       0.2853716
     5501.       0.2856835
     5502.       0.2859525
     5503.       0.2861736
     5504.       0.2863945
     5505.       0.2866155
     5506.       0.2868365
     5507.       0.2870575
     5508.       0.2872785
     5509.       0.2874993
     5510.       0.2877204
     5511.       0.2879412
     5512.       0.2880857
     5513.       0.2881439
     5514.       0.2882021
     5515.       0.2882603
     5516.       0.2883185
     5517.       0.2883766
     5518.       0.2884349
     5519.        0.288493
     5520.       0.2885512
     5521.       0.2886093
     5522.       0.2885877
     5523.       0.2884752
     5524.       0.2883626
     5525.       0.2882501
     5526.       0.2881376
     5527.       0.2880251
     5528.       0.2879125
     5529.          0.2878
     5530.       0.2876875
     5531.       0.2875748
     5532.       0.2873957
     5533.       0.2871399
     5534.       0.2868844
     5535.       0.2866287
     5536.        0.286373
     5537.       0.2861173
     5538.       0.2858617
     5539.       0.2856064
     5540.       0.2853505
     5541.       0.2850947
     5542.       0.2848102
     5543.       0.2844922
     5544.       0.2841743
     5545.       0.2838563
     5546.       0.2835384
     5547.       0.2832204
     5548.       0.2829026
     5549.       0.2825845
     5550.       0.2822667
     5551.       0.2819486
     5552.       0.2816229
     5553.       0.2812881
     5554.       0.2809533
     5555.       0.2806185
     5556.       0.2802838
     5557.       0.2799491
     5558.       0.2796144
     5559.       0.2792799
     5560.       0.2789449
     5561.       0.2786101
     5562.        0.278295
     5563.       0.2780035
     5564.       0.2777121
     5565.       0.2774207
     5566.       0.2771293
     5567.       0.2768378
     5568.       0.2765464
     5569.       0.2762549
     5570.       0.2759635
     5571.       0.2756489
     5572.        0.275374
     5573.       0.2751471
     5574.       0.2749201
     5575.       0.2746933
     5576.       0.2744666
     5577.       0.2742398
     5578.       0.2740131
     5579.       0.2737865
     5580.       0.2735599
     5581.       0.2733563
     5582.        0.273204
     5583.       0.2731138
     5584.       0.2730237
     5585.       0.2729336
     5586.       0.2728435
     5587.       0.2727533
     5588.       0.2726633
     5589.       0.2725731
     5590.        0.272483
     5591.       0.2723929
     5592.       0.2723667
     5593.        0.272419
     5594.       0.2724714
     5595.       0.2725237
     5596.       0.2725761
     5597.       0.2726284
     5598.       0.2726808
     5599.       0.2727332
     5600.       0.2727855
     5601.       0.2728377
     5602.       0.2729519
     5603.       0.2731435
     5604.       0.2733348
     5605.       0.2735262
     5606.       0.2737177
     5607.        0.273909
     5608.       0.2741004
     5609.       0.2742918
     5610.       0.2744833
     5611.       0.2746745
     5612.       0.2749145
     5613.       0.2752152
     5614.        0.275516
     5615.       0.2758169
     5616.       0.2761177
     5617.       0.2764186
     5618.       0.2767192
     5619.       0.2770202
     5620.       0.2773209
     5621.       0.2776215
     5622.       0.2779426
     5623.         0.27829
     5624.       0.2786374
     5625.       0.2789847
     5626.        0.279332
     5627.       0.2796791
     5628.       0.2800266
     5629.       0.2803736
     5630.        0.280721
     5631.       0.2810608
     5632.       0.2813868
     5633.       0.2816953
     5634.       0.2820037
     5635.       0.2823121
     5636.       0.2826205
     5637.       0.2829289
     5638.        0.283237
     5639.       0.2835454
     5640.       0.2838537
     5641.        0.284162
     5642.       0.2844158
     5643.       0.2845991
     5644.       0.2847823
     5645.       0.2849655
     5646.       0.2851488
     5647.       0.2853318
     5648.       0.2855151
     5649.       0.2856981
     5650.       0.2858814
     5651.       0.2860644
     5652.       0.2861733
     5653.       0.2861847
     5654.       0.2861961
     5655.       0.2862076
     5656.        0.286219
     5657.       0.2862304
     5658.       0.2862418
     5659.       0.2862532
     5660.       0.2862646
     5661.       0.2862759
     5662.       0.2862228
     5663.       0.2860839
     5664.       0.2859451
     5665.       0.2858062
     5666.       0.2856674
     5667.       0.2855286
     5668.       0.2853898
     5669.       0.2852509
     5670.       0.2851122
     5671.       0.2849732
     5672.       0.2847866
     5673.       0.2845355
     5674.       0.2842844
     5675.       0.2840334
     5676.       0.2837823
     5677.       0.2835313
     5678.       0.2832804
     5679.       0.2830294
     5680.       0.2827783
     5681.       0.2825275
     5682.       0.2822669
     5683.       0.2819937
     5684.       0.2817205
     5685.       0.2814473
     5686.       0.2811742
     5687.        0.280901
     5688.       0.2806281
     5689.       0.2803547
     5690.       0.2800817
     5691.       0.2798084
     5692.       0.2795511
     5693.       0.2793147
     5694.       0.2790787
     5695.       0.2788425
     5696.       0.2786065
     5697.       0.2783704
     5698.       0.2781343
     5699.       0.2778985
     5700.       0.2776622
     5701.       0.2774264
     5702.       0.2772192
     5703.        0.277052
     5704.       0.2768846
     5705.       0.2767175
     5706.       0.2765505
     5707.       0.2763832
     5708.       0.2762161
     5709.       0.2760489
     5710.       0.2758818
     5711.       0.2757145
     5712.       0.2755736
     5713.       0.2754691
     5714.       0.2753646
     5715.       0.2752602
     5716.       0.2751558
     5717.       0.2750514
     5718.        0.274947
     5719.       0.2748426
     5720.       0.2747382
     5721.       0.2746104
     5722.       0.2744979
     5723.        0.274407
     5724.       0.2743162
     5725.       0.2742254
     5726.       0.2741347
     5727.       0.2740438
     5728.       0.2739531
     5729.       0.2738622
     5730.       0.2737715
     5731.       0.2737039
     5732.       0.2736493
     5733.       0.2736136
     5734.       0.2735777
     5735.       0.2735419
     5736.        0.273506
     5737.       0.2734702
     5738.       0.2734344
     5739.       0.2733987
     5740.       0.2733628
     5741.       0.2733271
     5742.        0.273303
     5743.       0.2732959
     5744.       0.2732888
     5745.       0.2732817
     5746.       0.2732746
     5747.       0.2732674
     5748.       0.2732604
     5749.       0.2732532
     5750.       0.2732461
     5751.        0.273239
     5752.       0.2732493
     5753.       0.2732853
     5754.       0.2733212
     5755.       0.2733572
     5756.       0.2733931
     5757.       0.2734291
     5758.        0.273465
     5759.       0.2735009
     5760.       0.2735368
     5761.       0.2735729
     5762.       0.2736369
     5763.       0.2737428
     5764.       0.2738486
     5765.       0.2739545
     5766.       0.2740603
     5767.       0.2741661
     5768.        0.274272
     5769.       0.2743777
     5770.       0.2744836
     5771.       0.2745892
     5772.       0.2747306
     5773.       0.2749256
     5774.       0.2751206
     5775.       0.2753156
     5776.       0.2755106
     5777.       0.2757055
     5778.       0.2759004
     5779.       0.2760952
     5780.       0.2762901
     5781.        0.276485
     5782.       0.2767069
     5783.       0.2769705
     5784.       0.2772338
     5785.       0.2774972
     5786.       0.2777607
     5787.       0.2780241
     5788.       0.2782875
     5789.       0.2785508
     5790.       0.2788142
     5791.       0.2790772
     5792.       0.2793448
     5793.       0.2796184
     5794.       0.2798922
     5795.       0.2801659
     5796.       0.2804396
     5797.       0.2807134
     5798.       0.2809869
     5799.       0.2812608
     5800.       0.2815343
     5801.       0.2818081
     5802.        0.282055
     5803.       0.2822608
     5804.       0.2824666
     5805.       0.2826723
     5806.       0.2828781
     5807.       0.2830837
     5808.       0.2832894
     5809.       0.2834949
     5810.       0.2837007
     5811.       0.2839063
     5812.       0.2840545
     5813.       0.2841128
     5814.        0.284171
     5815.       0.2842293
     5816.       0.2842874
     5817.       0.2843457
     5818.       0.2844038
     5819.       0.2844619
     5820.       0.2845201
     5821.       0.2845542
     5822.       0.2845144
     5823.       0.2843572
     5824.       0.2842001
     5825.       0.2840429
     5826.       0.2838859
     5827.       0.2837288
     5828.       0.2835717
     5829.       0.2834148
     5830.       0.2832578
     5831.       0.2831292
     5832.        0.282935
     5833.       0.2826354
     5834.       0.2823358
     5835.       0.2820362
     5836.       0.2817367
     5837.       0.2814372
     5838.       0.2811376
     5839.       0.2808381
     5840.       0.2805386
     5841.       0.2802392
     5842.       0.2799062
     5843.       0.2795188
     5844.       0.2791313
     5845.       0.2787439
     5846.       0.2783565
     5847.       0.2779691
     5848.       0.2775818
     5849.       0.2771945
     5850.       0.2768072
     5851.       0.2764201
     5852.       0.2760389
     5853.       0.2756672
     5854.       0.2752957
     5855.       0.2749242
     5856.       0.2745526
     5857.       0.2741811
     5858.       0.2738096
     5859.       0.2734381
     5860.       0.2730665
     5861.       0.2726953
     5862.       0.2723582
     5863.       0.2720782
     5864.       0.2717983
     5865.       0.2715183
     5866.       0.2712383
     5867.       0.2709584
     5868.       0.2706785
     5869.       0.2703986
     5870.       0.2701187
     5871.       0.2698387
     5872.       0.2696116
     5873.       0.2694725
     5874.       0.2693334
     5875.       0.2691943
     5876.       0.2690553
     5877.       0.2689163
     5878.       0.2687772
     5879.       0.2686382
     5880.       0.2684991
     5881.       0.2683601
     5882.       0.2682764
     5883.       0.2682867
     5884.        0.268297
     5885.       0.2683071
     5886.       0.2683175
     5887.       0.2683277
     5888.        0.268338
     5889.       0.2683482
     5890.       0.2683586
     5891.       0.2683688
     5892.       0.2684153
     5893.       0.2685241
     5894.       0.2686327
     5895.       0.2687415
     5896.       0.2688501
     5897.       0.2689588
     5898.       0.2690675
     5899.        0.269176
     5900.       0.2692848
     5901.       0.2693707
     5902.       0.2694817
     5903.       0.2696367
     5904.       0.2697915
     5905.       0.2699465
     5906.       0.2701013
     5907.       0.2702562
     5908.       0.2704108
     5909.       0.2705656
     5910.       0.2707203
     5911.        0.270898
     5912.       0.2710829
     5913.       0.2712805
     5914.       0.2714781
     5915.       0.2716756
     5916.       0.2718732
     5917.       0.2720708
     5918.       0.2722683
     5919.       0.2724657
     5920.       0.2726633
     5921.       0.2728609
     5922.       0.2730524
     5923.       0.2732331
     5924.       0.2734137
     5925.       0.2735944
     5926.       0.2737751
     5927.       0.2739556
     5928.       0.2741363
     5929.       0.2743169
     5930.       0.2744975
     5931.       0.2746782
     5932.       0.2748523
     5933.       0.2750149
     5934.       0.2751773
     5935.       0.2753397
     5936.       0.2755021
     5937.       0.2756647
     5938.        0.275827
     5939.       0.2759895
     5940.       0.2761519
     5941.       0.2763144
     5942.       0.2764708
     5943.       0.2766157
     5944.       0.2767607
     5945.       0.2769056
     5946.       0.2770507
     5947.       0.2771956
     5948.       0.2773404
     5949.       0.2774854
     5950.       0.2776304
     5951.       0.2777753
     5952.       0.2779166
     5953.       0.2780518
     5954.       0.2781868
     5955.       0.2783218
     5956.       0.2784568
     5957.        0.278592
     5958.       0.2787269
     5959.       0.2788619
     5960.       0.2789969
     5961.       0.2791321
     5962.       0.2792667
     5963.        0.279401
     5964.       0.2795353
     5965.       0.2796695
     5966.       0.2798038
     5967.        0.279938
     5968.       0.2800723
     5969.       0.2802065
     5970.       0.2803408
     5971.       0.2804512
     5972.       0.2805533
     5973.       0.2806399
     5974.       0.2807263
     5975.       0.2808126
     5976.       0.2808991
     5977.       0.2809854
     5978.       0.2810716
     5979.       0.2811579
     5980.       0.2812442
     5981.       0.2813545
     5982.       0.2814446
     5983.       0.2814968
     5984.       0.2815489
     5985.       0.2816009
     5986.       0.2816529
     5987.       0.2817051
     5988.       0.2817572
     5989.       0.2818091
     5990.       0.2818612
     5991.       0.2819134
     5992.       0.2819372
     5993.       0.2819066
     5994.        0.281876
     5995.       0.2818455
     5996.       0.2818148
     5997.       0.2817841
     5998.       0.2817536
     5999.        0.281723
     6000.       0.2816924
     6001.        0.281683
     6002.       0.2816387
     6003.       0.2815257
     6004.       0.2814128
     6005.       0.2812997
     6006.       0.2811868
     6007.       0.2810738
     6008.       0.2809609
     6009.       0.2808479
     6010.       0.2807349
     6011.        0.280622
     6012.        0.280473
     6013.       0.2802524
     6014.       0.2800316
     6015.       0.2798109
     6016.         0.27959
     6017.       0.2793692
     6018.       0.2791483
     6019.       0.2789275
     6020.       0.2787066
     6021.       0.2784858
     6022.       0.2782421
     6023.       0.2779526
     6024.       0.2776631
     6025.       0.2773735
     6026.       0.2770839
     6027.       0.2767943
     6028.       0.2765046
     6029.       0.2762149
     6030.       0.2759252
     6031.        0.275609
     6032.       0.2752931
     6033.        0.274978
     6034.       0.2746629
     6035.       0.2743478
     6036.       0.2740328
     6037.       0.2737178
     6038.       0.2734029
     6039.       0.2730879
     6040.       0.2727728
     6041.       0.2724813
     6042.       0.2722113
     6043.       0.2719861
     6044.       0.2717607
     6045.       0.2715354
     6046.         0.27131
     6047.       0.2710845
     6048.       0.2708591
     6049.       0.2706337
     6050.       0.2704082
     6051.       0.2701827
     6052.       0.2699925
     6053.       0.2698755
     6054.       0.2697586
     6055.       0.2696416
     6056.       0.2695246
     6057.       0.2694076
     6058.       0.2692906
     6059.       0.2691736
     6060.       0.2690564
     6061.       0.2689395
     6062.       0.2688686
     6063.       0.2688945
     6064.       0.2689204
     6065.       0.2689464
     6066.       0.2689723
     6067.       0.2689982
     6068.       0.2690242
     6069.       0.2690501
     6070.        0.269076
     6071.       0.2691021
     6072.       0.2691665
     6073.       0.2693123
     6074.       0.2694581
     6075.       0.2696039
     6076.       0.2697498
     6077.       0.2698956
     6078.       0.2700415
     6079.       0.2701873
     6080.       0.2703332
     6081.       0.2704791
     6082.       0.2706468
     6083.       0.2708611
     6084.       0.2710756
     6085.       0.2712899
     6086.       0.2715044
     6087.       0.2717189
     6088.       0.2719333
     6089.       0.2721478
     6090.       0.2723624
     6091.       0.2725538
     6092.       0.2727443
     6093.       0.2729329
     6094.       0.2731216
     6095.       0.2733102
     6096.       0.2734987
     6097.       0.2736872
     6098.       0.2738758
     6099.       0.2740642
     6100.       0.2742528
     6101.       0.2744646
     6102.       0.2746577
     6103.       0.2748095
     6104.       0.2749613
     6105.       0.2751132
     6106.        0.275265
     6107.       0.2754169
     6108.       0.2755686
     6109.       0.2757205
     6110.       0.2758725
     6111.       0.2760244
     6112.       0.2761505
     6113.       0.2762188
     6114.       0.2762872
     6115.       0.2763556
     6116.       0.2764241
     6117.       0.2764924
     6118.       0.2765608
     6119.       0.2766291
     6120.       0.2766976
     6121.       0.2767661
     6122.       0.2768175
     6123.         0.27683
     6124.       0.2768427
     6125.       0.2768553
     6126.       0.2768679
     6127.       0.2768806
     6128.       0.2768932
     6129.       0.2769058
     6130.       0.2769184
     6131.       0.2769309
     6132.       0.2769384
     6133.       0.2769341
     6134.       0.2769297
     6135.       0.2769254
     6136.       0.2769211
     6137.       0.2769168
     6138.       0.2769125
     6139.       0.2769081
     6140.       0.2769038
     6141.       0.2768995
     6142.       0.2769109
     6143.       0.2769588
     6144.       0.2770066
     6145.       0.2770545
     6146.       0.2771023
     6147.       0.2771502
     6148.        0.277198
     6149.       0.2772457
     6150.       0.2772936
     6151.       0.2773179
     6152.       0.2773628
     6153.       0.2774571
     6154.       0.2775512
     6155.       0.2776453
     6156.       0.2777395
     6157.       0.2778336
     6158.       0.2779278
     6159.       0.2780217
     6160.       0.2781159
     6161.       0.2782337
     6162.       0.2783673
     6163.       0.2785392
     6164.       0.2787111
     6165.       0.2788831
     6166.       0.2790549
     6167.       0.2792268
     6168.       0.2793988
     6169.       0.2795706
     6170.       0.2797427
     6171.       0.2799147
     6172.       0.2800874
     6173.        0.280262
     6174.       0.2804365
     6175.       0.2806111
     6176.       0.2807854
     6177.       0.2809601
     6178.       0.2811347
     6179.       0.2813094
     6180.        0.281484
     6181.       0.2816585
     6182.       0.2818036
     6183.       0.2818769
     6184.       0.2819501
     6185.       0.2820232
     6186.       0.2820965
     6187.       0.2821697
     6188.        0.282243
     6189.        0.282316
     6190.       0.2823893
     6191.       0.2824624
     6192.       0.2824901
     6193.       0.2824048
     6194.       0.2823196
     6195.       0.2822343
     6196.        0.282149
     6197.       0.2820637
     6198.       0.2819785
     6199.       0.2818933
     6200.        0.281808
     6201.       0.2816986
     6202.       0.2815339
     6203.       0.2812299
     6204.        0.280926
     6205.       0.2806222
     6206.       0.2803183
     6207.       0.2800145
     6208.       0.2797107
     6209.        0.279407
     6210.       0.2791032
     6211.       0.2788232
     6212.       0.2785041
     6213.       0.2780852
     6214.       0.2776662
     6215.       0.2772471
     6216.       0.2768281
     6217.        0.276409
     6218.       0.2759899
     6219.       0.2755708
     6220.       0.2751514
     6221.       0.2747324
     6222.       0.2743026
     6223.       0.2738456
     6224.       0.2733887
     6225.       0.2729316
     6226.       0.2724745
     6227.       0.2720174
     6228.       0.2715602
     6229.       0.2711031
     6230.       0.2706459
     6231.       0.2701902
     6232.       0.2697577
     6233.       0.2693847
     6234.       0.2690117
     6235.       0.2686386
     6236.       0.2682655
     6237.       0.2678926
     6238.       0.2675193
     6239.       0.2671461
     6240.       0.2667727
     6241.       0.2663768
     6242.       0.2660193
     6243.       0.2657647
     6244.       0.2655098
     6245.       0.2652552
     6246.       0.2650005
     6247.       0.2647457
     6248.       0.2644912
     6249.       0.2642364
     6250.       0.2639818
     6251.       0.2637496
     6252.       0.2635731
     6253.       0.2635467
     6254.       0.2635203
     6255.        0.263494
     6256.       0.2634676
     6257.       0.2634412
     6258.       0.2634148
     6259.       0.2633884
     6260.       0.2633619
     6261.       0.2633354
     6262.       0.2633643
     6263.       0.2635443
     6264.       0.2637243
     6265.       0.2639043
     6266.       0.2640842
     6267.       0.2642644
     6268.       0.2644443
     6269.       0.2646245
     6270.       0.2648045
     6271.       0.2649846
     6272.        0.265204
     6273.       0.2655322
     6274.       0.2658605
     6275.       0.2661887
     6276.        0.266517
     6277.       0.2668453
     6278.       0.2671737
     6279.        0.267502
     6280.       0.2678305
     6281.       0.2681587
     6282.       0.2685086
     6283.       0.2689181
     6284.       0.2693277
     6285.       0.2697374
     6286.       0.2701471
     6287.       0.2705567
     6288.       0.2709662
     6289.       0.2713762
     6290.       0.2717859
     6291.       0.2721724
     6292.       0.2725549
     6293.       0.2729259
     6294.        0.273297
     6295.       0.2736681
     6296.        0.274039
     6297.       0.2744099
     6298.       0.2747808
     6299.       0.2751519
     6300.       0.2755224
     6301.       0.2759167
     6302.       0.2762936
     6303.       0.2766202
     6304.       0.2769467
     6305.       0.2772735
     6306.       0.2776002
     6307.       0.2779268
     6308.       0.2782536
     6309.       0.2785803
     6310.       0.2789072
     6311.       0.2792338
     6312.       0.2795277
     6313.       0.2797264
     6314.        0.279925
     6315.       0.2801237
     6316.       0.2803224
     6317.       0.2805211
     6318.       0.2807198
     6319.       0.2809186
     6320.       0.2811172
     6321.        0.281316
     6322.        0.281487
     6323.       0.2815766
     6324.       0.2816661
     6325.       0.2817557
     6326.       0.2818454
     6327.       0.2819349
     6328.       0.2820246
     6329.       0.2821141
     6330.       0.2822038
     6331.       0.2822692
     6332.       0.2823137
     6333.       0.2822956
     6334.       0.2822773
     6335.       0.2822592
     6336.        0.282241
     6337.       0.2822229
     6338.       0.2822047
     6339.       0.2821865
     6340.       0.2821684
     6341.       0.2821743
     6342.       0.2821763
     6343.       0.2821667
     6344.       0.2821572
     6345.       0.2821477
     6346.       0.2821382
     6347.       0.2821286
     6348.       0.2821191
     6349.       0.2821096
     6350.       0.2820999
     6351.       0.2820903
     6352.       0.2820868
     6353.       0.2821029
     6354.        0.282119
     6355.       0.2821351
     6356.       0.2821512
     6357.       0.2821673
     6358.       0.2821835
     6359.       0.2821994
     6360.       0.2822156
     6361.       0.2822314
     6362.       0.2822534
     6363.        0.282294
     6364.       0.2823347
     6365.       0.2823753
     6366.       0.2824161
     6367.       0.2824566
     6368.       0.2824973
     6369.       0.2825381
     6370.       0.2825787
     6371.       0.2825951
     6372.       0.2826144
     6373.       0.2826432
     6374.       0.2826721
     6375.        0.282701
     6376.       0.2827298
     6377.       0.2827586
     6378.       0.2827874
     6379.       0.2828162
     6380.       0.2828451
     6381.       0.2828979
     6382.       0.2829459
     6383.        0.282978
     6384.       0.2830101
     6385.       0.2830422
     6386.       0.2830743
     6387.       0.2831064
     6388.       0.2831387
     6389.       0.2831708
     6390.       0.2832029
     6391.       0.2832348
     6392.       0.2832437
     6393.       0.2831765
     6394.       0.2831094
     6395.       0.2830422
     6396.        0.282975
     6397.       0.2829079
     6398.       0.2828408
     6399.       0.2827735
     6400.       0.2827062
     6401.        0.282639
     6402.       0.2825446
     6403.       0.2823601
     6404.       0.2821755
     6405.       0.2819909
     6406.       0.2818064
     6407.       0.2816217
     6408.       0.2814372
     6409.       0.2812525
     6410.       0.2810679
     6411.        0.280859
     6412.       0.2806246
     6413.       0.2803037
     6414.       0.2799827
     6415.       0.2796617
     6416.        0.279341
     6417.         0.27902
     6418.       0.2786992
     6419.       0.2783784
     6420.       0.2780575
     6421.       0.2777605
     6422.       0.2774457
     6423.       0.2770703
     6424.       0.2766949
     6425.       0.2763195
     6426.       0.2759441
     6427.       0.2755685
     6428.       0.2751929
     6429.       0.2748173
     6430.       0.2744417
     6431.       0.2740609
     6432.       0.2736811
     6433.       0.2733032
     6434.       0.2729253
     6435.       0.2725475
     6436.       0.2721695
     6437.       0.2717918
     6438.       0.2714137
     6439.       0.2710357
     6440.       0.2706578
     6441.       0.2702797
     6442.       0.2699187
     6443.       0.2696187
     6444.       0.2693186
     6445.       0.2690184
     6446.       0.2687183
     6447.       0.2684182
     6448.       0.2681182
     6449.       0.2678179
     6450.       0.2675178
     6451.       0.2671946
     6452.       0.2669017
     6453.        0.266718
     6454.       0.2665344
     6455.       0.2663508
     6456.       0.2661671
     6457.       0.2659836
     6458.       0.2658001
     6459.       0.2656164
     6460.        0.265433
     6461.        0.265272
     6462.       0.2651523
     6463.       0.2651837
     6464.        0.265215
     6465.       0.2652462
     6466.       0.2652776
     6467.       0.2653089
     6468.       0.2653403
     6469.       0.2653716
     6470.       0.2654029
     6471.       0.2654339
     6472.       0.2654988
     6473.       0.2656891
     6474.       0.2658795
     6475.       0.2660699
     6476.       0.2662603
     6477.       0.2664507
     6478.       0.2666411
     6479.       0.2668314
     6480.       0.2670217
     6481.       0.2672118
     6482.       0.2674249
     6483.       0.2677246
     6484.       0.2680243
     6485.        0.268324
     6486.       0.2686237
     6487.       0.2689234
     6488.       0.2692232
     6489.       0.2695228
     6490.       0.2698226
     6491.       0.2700989
     6492.       0.2703865
     6493.        0.270717
     6494.       0.2710474
     6495.       0.2713779
     6496.       0.2717082
     6497.       0.2720385
     6498.       0.2723687
     6499.        0.272699
     6500.       0.2730289
     6501.       0.2733382
     6502.       0.2736436
     6503.       0.2739359
     6504.       0.2742281
     6505.       0.2745202
     6506.       0.2748122
     6507.       0.2751041
     6508.       0.2753959
     6509.       0.2756875
     6510.       0.2759793
     6511.       0.2762702
     6512.       0.2765444
     6513.       0.2767508
     6514.       0.2769572
     6515.       0.2771636
     6516.       0.2773698
     6517.        0.277576
     6518.       0.2777821
     6519.       0.2779883
     6520.       0.2781941
     6521.        0.278376
     6522.       0.2785403
     6523.       0.2786354
     6524.       0.2787305
     6525.       0.2788254
     6526.       0.2789204
     6527.       0.2790151
     6528.         0.27911
     6529.       0.2792046
     6530.       0.2792993
     6531.       0.2794177
     6532.       0.2795208
     6533.       0.2795613
     6534.       0.2796017
     6535.       0.2796422
     6536.       0.2796827
     6537.        0.279723
     6538.       0.2797634
     6539.       0.2798038
     6540.       0.2798442
     6541.       0.2798843
     6542.       0.2799126
     6543.       0.2798914
     6544.       0.2798703
     6545.       0.2798491
     6546.        0.279828
     6547.       0.2798067
     6548.       0.2797856
     6549.       0.2797644
     6550.       0.2797433
     6551.       0.2797219
     6552.       0.2796951
     6553.       0.2796447
     6554.       0.2795944
     6555.       0.2795441
     6556.       0.2794938
     6557.       0.2794436
     6558.       0.2793934
     6559.        0.279343
     6560.       0.2792927
     6561.       0.2792183
     6562.        0.279142
     6563.       0.2790575
     6564.        0.278973
     6565.       0.2788886
     6566.       0.2788042
     6567.       0.2787198
     6568.       0.2786354
     6569.        0.278551
     6570.       0.2784667
     6571.       0.2784061
     6572.       0.2783447
     6573.       0.2782802
     6574.       0.2782157
     6575.       0.2781512
     6576.       0.2780867
     6577.       0.2780223
     6578.       0.2779577
     6579.       0.2778933
     6580.       0.2778289
     6581.       0.2777643
     6582.       0.2776946
     6583.       0.2776025
     6584.       0.2775104
     6585.       0.2774184
     6586.       0.2773263
     6587.       0.2772343
     6588.       0.2771423
     6589.       0.2770503
     6590.       0.2769585
     6591.       0.2768425
     6592.        0.276722
     6593.       0.2765808
     6594.       0.2764395
     6595.       0.2762982
     6596.       0.2761571
     6597.       0.2760159
     6598.        0.275875
     6599.       0.2757339
     6600.       0.2755928
     6601.       0.2754755
     6602.       0.2753533
     6603.       0.2752089
     6604.       0.2750646
     6605.       0.2749203
     6606.       0.2747763
     6607.        0.274632
     6608.       0.2744879
     6609.       0.2743437
     6610.       0.2741997
     6611.       0.2740555
     6612.         0.27391
     6613.       0.2737578
     6614.       0.2736057
     6615.       0.2734537
     6616.       0.2733016
     6617.       0.2731495
     6618.       0.2729975
     6619.       0.2728455
     6620.       0.2726935
     6621.       0.2725417
     6622.       0.2723927
     6623.        0.272257
     6624.       0.2721216
     6625.        0.271986
     6626.       0.2718506
     6627.       0.2717151
     6628.       0.2715798
     6629.       0.2714443
     6630.        0.271309
     6631.       0.2711396
     6632.       0.2709759
     6633.       0.2708394
     6634.       0.2707028
     6635.       0.2705664
     6636.         0.27043
     6637.       0.2702937
     6638.       0.2701574
     6639.        0.270021
     6640.       0.2698849
     6641.       0.2697717
     6642.       0.2696648
     6643.       0.2695895
     6644.       0.2695142
     6645.        0.269439
     6646.       0.2693638
     6647.       0.2692885
     6648.       0.2692133
     6649.        0.269138
     6650.       0.2690628
     6651.       0.2689874
     6652.       0.2689145
     6653.       0.2688535
     6654.       0.2687925
     6655.       0.2687315
     6656.       0.2686706
     6657.       0.2686096
     6658.       0.2685487
     6659.       0.2684878
     6660.       0.2684269
     6661.       0.2683427
     6662.       0.2682541
     6663.       0.2681423
     6664.       0.2680306
     6665.       0.2679188
     6666.       0.2678072
     6667.       0.2676955
     6668.        0.267584
     6669.       0.2674724
     6670.       0.2673609
     6671.       0.2672722
     6672.       0.2671743
     6673.        0.267026
     6674.       0.2668778
     6675.       0.2667297
     6676.       0.2665816
     6677.       0.2664335
     6678.       0.2662854
     6679.       0.2661375
     6680.       0.2659895
     6681.       0.2658416
     6682.       0.2656894
     6683.       0.2655143
     6684.       0.2653391
     6685.       0.2651641
     6686.        0.264989
     6687.       0.2648141
     6688.       0.2646392
     6689.       0.2644644
     6690.       0.2642896
     6691.       0.2640921
     6692.       0.2638893
     6693.       0.2636569
     6694.       0.2634245
     6695.       0.2631922
     6696.       0.2629601
     6697.        0.262728
     6698.       0.2624961
     6699.       0.2622642
     6700.       0.2620325
     6701.       0.2618233
     6702.       0.2616175
     6703.       0.2614301
     6704.       0.2612426
     6705.       0.2610553
     6706.        0.260868
     6707.       0.2606808
     6708.       0.2604936
     6709.       0.2603065
     6710.       0.2601194
     6711.       0.2599324
     6712.        0.259753
     6713.       0.2596166
     6714.       0.2594802
     6715.       0.2593439
     6716.       0.2592077
     6717.       0.2590715
     6718.       0.2589354
     6719.       0.2587992
     6720.       0.2586631
     6721.       0.2585047
     6722.       0.2583592
     6723.       0.2582903
     6724.       0.2582214
     6725.       0.2581524
     6726.       0.2580834
     6727.       0.2580146
     6728.       0.2579457
     6729.       0.2578768
     6730.       0.2578079
     6731.       0.2577611
     6732.       0.2577277
     6733.       0.2577752
     6734.       0.2578226
     6735.         0.25787
     6736.       0.2579173
     6737.       0.2579647
     6738.        0.258012
     6739.       0.2580592
     6740.       0.2581064
     6741.       0.2581535
     6742.       0.2582105
     6743.       0.2583295
     6744.       0.2584481
     6745.       0.2585669
     6746.       0.2586856
     6747.       0.2588041
     6748.       0.2589226
     6749.       0.2590411
     6750.       0.2591594
     6751.       0.2592553
     6752.       0.2593564
     6753.        0.259492
     6754.       0.2596276
     6755.        0.259763
     6756.       0.2598982
     6757.       0.2600334
     6758.       0.2601685
     6759.       0.2603034
     6760.       0.2604382
     6761.       0.2605955
     6762.       0.2607501
     6763.       0.2608894
     6764.       0.2610284
     6765.       0.2611676
     6766.       0.2613066
     6767.       0.2614455
     6768.       0.2615843
     6769.       0.2617231
     6770.       0.2618618
     6771.       0.2620004
     6772.       0.2621335
     6773.        0.262232
     6774.       0.2623303
     6775.       0.2624287
     6776.        0.262527
     6777.       0.2626252
     6778.       0.2627234
     6779.       0.2628216
     6780.       0.2629195
     6781.       0.2629947
     6782.       0.2630621
     6783.       0.2630775
     6784.       0.2630929
     6785.       0.2631082
     6786.       0.2631235
     6787.       0.2631387
     6788.       0.2631539
     6789.       0.2631691
     6790.       0.2631842
     6791.       0.2632219
     6792.        0.263254
     6793.       0.2632472
     6794.       0.2632403
     6795.       0.2632334
     6796.       0.2632265
     6797.       0.2632195
     6798.       0.2632127
     6799.       0.2632057
     6800.       0.2631989
     6801.       0.2631918
     6802.       0.2631808
     6803.       0.2631412
     6804.       0.2631017
     6805.       0.2630621
     6806.       0.2630225
     6807.        0.262983
     6808.       0.2629435
     6809.       0.2629038
     6810.       0.2628643
     6811.        0.262802
     6812.       0.2627378
     6813.       0.2626593
     6814.       0.2625808
     6815.       0.2625024
     6816.        0.262424
     6817.       0.2623455
     6818.        0.262267
     6819.       0.2621886
     6820.       0.2621102
     6821.       0.2620546
     6822.       0.2619984
     6823.       0.2619385
     6824.       0.2618786
     6825.       0.2618187
     6826.       0.2617588
     6827.       0.2616991
     6828.       0.2616392
     6829.       0.2615793
     6830.       0.2615195
     6831.       0.2614658
     6832.       0.2614096
     6833.       0.2613356
     6834.       0.2612616
     6835.       0.2611875
     6836.       0.2611136
     6837.       0.2610396
     6838.       0.2609656
     6839.       0.2608916
     6840.       0.2608177
     6841.       0.2607213
     6842.       0.2606247
     6843.       0.2605276
     6844.       0.2604305
     6845.       0.2603334
     6846.       0.2602363
     6847.       0.2601392
     6848.       0.2600423
     6849.       0.2599453
     6850.       0.2598483
     6851.       0.2597739
     6852.        0.259699
     6853.       0.2596211
     6854.       0.2595432
     6855.       0.2594653
     6856.       0.2593873
     6857.       0.2593094
     6858.       0.2592316
     6859.       0.2591537
     6860.       0.2590759
     6861.       0.2589756
     6862.       0.2588773
     6863.       0.2587962
     6864.        0.258715
     6865.       0.2586339
     6866.       0.2585527
     6867.       0.2584717
     6868.       0.2583906
     6869.       0.2583096
     6870.       0.2582285
     6871.       0.2581699
     6872.       0.2581118
     6873.       0.2580585
     6874.       0.2580053
     6875.       0.2579521
     6876.       0.2578988
     6877.       0.2578456
     6878.       0.2577924
     6879.       0.2577392
     6880.        0.257686
     6881.       0.2576327
     6882.       0.2575833
     6883.       0.2575674
     6884.       0.2575513
     6885.       0.2575354
     6886.       0.2575194
     6887.       0.2575034
     6888.       0.2574874
     6889.       0.2574714
     6890.       0.2574553
     6891.       0.2574171
     6892.       0.2573765
     6893.       0.2573153
     6894.       0.2572543
     6895.       0.2571931
     6896.       0.2571321
     6897.        0.257071
     6898.       0.2570099
     6899.       0.2569487
     6900.       0.2568876
     6901.       0.2568491
     6902.       0.2568044
     6903.       0.2567044
     6904.       0.2566044
     6905.       0.2565045
     6906.       0.2564044
     6907.       0.2563046
     6908.       0.2562047
     6909.       0.2561048
     6910.        0.256005
     6911.       0.2559053
     6912.       0.2557958
     6913.       0.2555923
     6914.        0.255389
     6915.       0.2551856
     6916.       0.2549824
     6917.       0.2547791
     6918.        0.254576
     6919.       0.2543728
     6920.       0.2541698
     6921.       0.2539449
     6922.       0.2537059
     6923.       0.2533249
     6924.       0.2529439
     6925.       0.2525632
     6926.       0.2521827
     6927.       0.2518024
     6928.       0.2514221
     6929.       0.2510421
     6930.       0.2506623
     6931.       0.2503044
     6932.       0.2499391
     6933.       0.2494961
     6934.       0.2490535
     6935.       0.2486109
     6936.       0.2481685
     6937.       0.2477264
     6938.       0.2472846
     6939.       0.2468424
     6940.       0.2464007
     6941.       0.2459377
     6942.       0.2454721
     6943.        0.244976
     6944.       0.2444801
     6945.       0.2439846
     6946.       0.2434893
     6947.       0.2429942
     6948.       0.2424994
     6949.       0.2420046
     6950.       0.2415105
     6951.       0.2410374
     6952.       0.2405716
     6953.       0.2401849
     6954.       0.2397982
     6955.       0.2394118
     6956.       0.2390254
     6957.       0.2386392
     6958.       0.2382531
     6959.       0.2378672
     6960.       0.2374813
     6961.       0.2370959
     6962.       0.2367246
     6963.       0.2365141
     6964.       0.2363037
     6965.       0.2360934
     6966.       0.2358832
     6967.        0.235673
     6968.        0.235463
     6969.       0.2352527
     6970.       0.2350429
     6971.       0.2348128
     6972.       0.2346008
     6973.       0.2346016
     6974.       0.2346024
     6975.       0.2346032
     6976.       0.2346041
     6977.       0.2346049
     6978.       0.2346057
     6979.       0.2346064
     6980.       0.2346072
     6981.       0.2346283
     6982.       0.2346632
     6983.       0.2348692
     6984.        0.235075
     6985.       0.2352807
     6986.       0.2354863
     6987.       0.2356919
     6988.       0.2358975
     6989.       0.2361028
     6990.       0.2363081
     6991.       0.2365134
     6992.       0.2367285
     6993.       0.2370735
     6994.       0.2374185
     6995.       0.2377633
     6996.       0.2381079
     6997.       0.2384523
     6998.       0.2387969
     6999.       0.2391412
     7000.       0.2394852
     7001.       0.2397821
     7002.       0.2400787
     7003.       0.2403754
     7004.        0.240672
     7005.       0.2409682
     7006.        0.241264
     7007.       0.2415597
     7008.        0.241855
     7009.       0.2421502
     7010.       0.2424451
     7011.       0.2427608
     7012.       0.2430695
     7013.       0.2432844
     7014.       0.2434989
     7015.       0.2437135
     7016.       0.2439277
     7017.       0.2441417
     7018.       0.2443557
     7019.       0.2445695
     7020.       0.2447831
     7021.       0.2449755
     7022.       0.2451585
     7023.        0.245208
     7024.       0.2452576
     7025.        0.245307
     7026.       0.2453564
     7027.       0.2454056
     7028.       0.2454547
     7029.       0.2455038
     7030.       0.2455527
     7031.       0.2456144
     7032.       0.2456703
     7033.       0.2456392
     7034.       0.2456081
     7035.       0.2455768
     7036.       0.2455457
     7037.       0.2455145
     7038.       0.2454832
     7039.       0.2454521
     7040.       0.2454208
     7041.       0.2453895
     7042.       0.2453494
     7043.       0.2451667
     7044.       0.2449841
     7045.       0.2448016
     7046.       0.2446191
     7047.       0.2444367
     7048.       0.2442544
     7049.       0.2440722
     7050.         0.24389
     7051.       0.2436868
     7052.       0.2434556
     7053.       0.2427538
     7054.       0.2420525
     7055.       0.2413519
     7056.       0.2406517
     7057.       0.2399521
     7058.       0.2392529
     7059.       0.2385541
     7060.       0.2378564
     7061.       0.2371793
     7062.       0.2364399
     7063.       0.2345726
     7064.       0.2327065
     7065.       0.2308418
     7066.       0.2289782
     7067.       0.2271158
     7068.       0.2252538
     7069.       0.2233948
     7070.       0.2215353
     7071.       0.2196596
     7072.       0.2177012
     7073.       0.2141838
     7074.       0.2106695
     7075.        0.207158
     7076.       0.2036513
     7077.       0.2001441
     7078.       0.1966415
     7079.       0.1931402
     7080.       0.1896452
     7081.       0.1861677
     7082.       0.1826427
     7083.       0.1781262
     7084.       0.1736126
     7085.       0.1691044
     7086.       0.1645949
     7087.       0.1600927
     7088.       0.1555892
     7089.       0.1510909
     7090.       0.1465957
     7091.       0.1420912
     7092.       0.1376005
     7093.       0.1333228
     7094.       0.1290487
     7095.       0.1247782
     7096.       0.1205134
     7097.       0.1162481
     7098.       0.1119886
     7099.       0.1077325
     7100.       0.1034802
     7101.      0.09924018
     7102.      0.09504757
     7103.      0.09186278
     7104.      0.08868016
     7105.      0.08549966
     7106.      0.08232134
     7107.      0.07914671
     7108.      0.07597116
     7109.      0.07279926
     7110.      0.06962955
     7111.      0.06646199
     7112.      0.06333908
     7113.      0.06123714
     7114.      0.05913658
     7115.      0.05703747
     7116.      0.05493977
     7117.      0.05284349
     7118.      0.05074763
     7119.       0.0486552
     7120.      0.04656321
     7121.      0.04446872
     7122.      0.04240447
     7123.       0.0410798
     7124.      0.03975623
     7125.      0.03843381
     7126.      0.03711251
     7127.      0.03579231
     7128.      0.03447325
     7129.      0.03315468
     7130.       0.0318385
     7131.      0.03052549
     7132.       0.0292297
     7133.      0.02838942
     7134.       0.0275497
     7135.      0.02671056
     7136.      0.02587198
     7137.      0.02503398
     7138.      0.02419615
     7139.      0.02335967
     7140.      0.02252297
     7141.      0.02168575
     7142.      0.02085761
     7143.      0.02029735
     7144.      0.01973757
     7145.      0.01917828
     7146.      0.01861972
     7147.       0.0180611
     7148.      0.01750322
     7149.      0.01694554
     7150.      0.01638888
     7151.      0.01583354
     7152.      0.01528382
     7153.      0.01488945
     7154.      0.01449536
     7155.      0.01410153
     7156.      0.01370797
     7157.      0.01331486
     7158.      0.01292145
     7159.      0.01252888
     7160.      0.01213638
     7161.      0.01174313
     7162.      0.01135264
     7163.       0.0110575
     7164.      0.01076263
     7165.      0.01046771
     7166.      0.01017319
     7167.     0.009878918
     7168.     0.009584893
     7169.     0.009290984
     7170.     0.008997607
     7171.     0.008705099
     7172.      0.00841437
     7173.     0.008188296
     7174.     0.007962379
     7175.     0.007736718
     7176.     0.007510997
     7177.     0.007285647
     7178.     0.007060232
     7179.     0.006835078
     7180.     0.006609968
     7181.     0.006385231
     7182.     0.006161583
     7183.     0.005986837
     7184.     0.005812209
     7185.       0.0056377
     7186.     0.005463396
     7187.     0.005289038
     7188.     0.005114885
     7189.     0.004940851
     7190.     0.004766935
     7191.     0.004592734
     7192.     0.004419435
     7193.     0.004287066
     7194.     0.004154808
     7195.     0.004022664
     7196.     0.003890632
     7197.     0.003758777
     7198.     0.003626908
     7199.     0.003495215
     7200.     0.003363634
     7201.      0.00323245
     7202.     0.003101923
     7203.     0.003007225
     7204.      0.00291259
     7205.     0.002818021
     7206.     0.002723515
     7207.     0.002629074
     7208.     0.002534698
     7209.     0.002440386
     7210.     0.002346138
     7211.     0.002251758
     7212.     0.002157824
     7213.     0.002092477
     7214.     0.002027183
     7215.     0.001961945
     7216.     0.001896764
     7217.     0.001831637
     7218.     0.001766567
     7219.      0.00170152
     7220.     0.001636592
     7221.     0.001571827
     7222.     0.001507317
     7223.      0.00146329
     7224.     0.001419292
     7225.     0.001375324
     7226.     0.001331387
     7227.     0.001287478
     7228.     0.001243579
     7229.     0.001199752
     7230.     0.001155912
     7231.     0.001112004
     7232.     0.001068217
     7233.     0.001038289
     7234.     0.001008389
     7235.     0.
